1.500000000000000000e+01 2.358188838069429116e-04 0.000000000000000000e+00 2.138583876554578725e-02
1.568421099999999946e+01 2.768843415532687142e-04 0.000000000000000000e+00 1.530201134515215070e-02
1.636842099999999789e+01 2.760012230362431226e-04 0.000000000000000000e+00 1.195860898414589056e-02
1.705263200000000268e+01 6.867902751389854635e-05 0.000000000000000000e+00 9.473966501913226590e-03
1.773684199999999933e+01 3.985167356897517443e-05 0.000000000000000000e+00 5.562377519762094769e-03
1.842105300000000057e+01 0.000000000000000000e+00 0.000000000000000000e+00 0.000000000000000000e+00
1.910526300000000077e+01 6.794489657358091970e-05 0.000000000000000000e+00 6.065882302564344110e-03
1.978947399999999845e+01 6.348216175939936723e-04 0.000000000000000000e+00 1.102522477999743657e-02
2.047368399999999866e+01 1.134346030481670408e-03 0.000000000000000000e+00 1.317691894122475539e-02
2.115789499999999990e+01 1.455066308466650745e-03 0.000000000000000000e+00 1.303707209945384297e-02
2.184210499999999655e+01 2.546925351243934776e-03 0.000000000000000000e+00 1.299514622240375075e-02
2.252631600000000134e+01 4.844451700000796529e-03 0.000000000000000000e+00 1.467950676406840765e-02
2.321052599999999799e+01 9.844537445326706493e-03 0.000000000000000000e+00 1.980273574132645348e-02
2.389473699999999923e+01 1.924873430856092332e-02 8.956715955734670734e-03 2.954075282683333789e-02
2.457894700000000299e+01 3.290254932654925607e-02 2.246019980874329469e-02 4.334489884435521745e-02
2.526315799999999712e+01 4.825972687410660933e-02 3.789997800653299720e-02 5.861947739614183778e-02
2.594736800000000088e+01 6.173529185292932903e-02 5.158320769744687700e-02 7.188737435395016473e-02
2.663157899999999856e+01 7.246620760098755609e-02 6.254800806515711797e-02 8.238440713681802197e-02
2.731578900000000232e+01 8.109410741902858821e-02 7.140343440689127241e-02 9.078478043116591789e-02
2.800000000000000000e+01 8.846996198057638372e-02 7.904695107627644768e-02 9.789297453933791526e-02
2.868421099999999768e+01 9.495966539697138498e-02 8.583612693384251591e-02 1.040832055145618634e-01
2.936842099999999789e+01 9.985271905750217614e-02 9.086474056067217475e-02 1.088406975543321775e-01
3.005263199999999912e+01 1.015559409578345451e-01 9.284666810007416449e-02 1.102652138155948980e-01
3.073684200000000288e+01 9.894789731310507652e-02 9.083831715433357545e-02 1.070574774718765776e-01
3.142105300000000057e+01 9.198120599732725888e-02 8.429949442726381026e-02 9.966291756739070751e-02
3.210526300000000077e+01 8.168835363040449771e-02 7.418134162489627148e-02 8.919536398145111455e-02
3.278947399999999845e+01 6.986176406471673872e-02 6.265277684647273249e-02 7.707074962849913558e-02
3.347368399999999866e+01 5.830932209636903452e-02 5.139877658971441637e-02 6.521986594856205022e-02
3.415789499999999634e+01 4.826451157707644518e-02 4.140369918635309482e-02 5.512532396779979554e-02
3.484210500000000366e+01 4.024999512782904965e-02 3.341938493375656849e-02 4.708060366743992142e-02
3.552631599999999423e+01 3.419302110834588487e-02 2.766164345851133965e-02 4.072439875818043703e-02
3.621052600000000155e+01 2.962309372659325743e-02 2.347094183973505097e-02 3.577524395898985798e-02
3.689473699999999923e+01 2.592005624795508736e-02 1.956748619084799565e-02 3.227262630506217561e-02
3.757894699999999943e+01 2.256145616806549264e-02 1.517706706631373643e-02 2.994584444258644590e-02
3.826315800000000422e+01 1.927850965411697856e-02 1.074978223555692579e-02 2.780723608000006467e-02
3.894736799999999732e+01 1.607217596294976611e-02 7.171836448286426219e-03 2.497251630484391069e-02
3.963157900000000211e+01 1.311827390239676989e-02 5.038196103016033198e-03 2.119835186722367204e-02
4.031578900000000232e+01 1.063366086958072824e-02 4.276099632695144759e-03 1.699122144468166729e-02
4.100000000000000000e+01 8.767951647605154789e-03 3.668900806837725650e-03 1.386700265381874547e-02
4.168421099999999768e+01 7.551448528048195982e-03 1.464201798760434575e-03 1.363869538969288663e-02
4.236842099999999789e+01 6.897384595456680818e-03 0.000000000000000000e+00 1.521099808853632919e-02
4.305263199999999557e+01 6.638926753882114576e-03 0.000000000000000000e+00 1.671109131416770310e-02
4.373684199999999578e+01 6.578348476665387204e-03 0.000000000000000000e+00 1.718663983195170206e-02
4.442105300000000057e+01 6.531400812297059183e-03 0.000000000000000000e+00 1.626942980992752280e-02
4.510526300000000788e+01 6.358003970811838129e-03 0.000000000000000000e+00 1.401112644429204808e-02
4.578947399999999845e+01 5.977193068169035957e-03 1.095892107294066430e-03 1.085849392977631007e-02
4.647368400000000577e+01 5.368462541755092236e-03 2.627458586251140565e-03 8.109466331812881928e-03
4.715789499999999634e+01 4.563421707818333256e-03 8.377002535121913073e-04 8.289143344115252471e-03
4.784210500000000366e+01 3.631760790880593157e-03 0.000000000000000000e+00 9.420032046175046483e-03
4.852631599999999423e+01 2.664763717476733521e-03 0.000000000000000000e+00 9.758560204398948612e-03
4.921052600000000155e+01 1.758576876807019761e-03 0.000000000000000000e+00 8.971617029651721489e-03
4.989473699999999212e+01 9.984979893276437792e-04 0.000000000000000000e+00 7.127481821596044417e-03
5.057894699999999943e+01 4.448420081458313207e-04 0.000000000000000000e+00 4.569456025640558638e-03
5.126315800000000422e+01 1.204926322259281424e-04 0.000000000000000000e+00 1.903367911646759595e-03
5.194736800000000443e+01 0.000000000000000000e+00 0.000000000000000000e+00 0.000000000000000000e+00
5.263157900000000211e+01 0.000000000000000000e+00 0.000000000000000000e+00 0.000000000000000000e+00
5.331578900000000232e+01 0.000000000000000000e+00 0.000000000000000000e+00 0.000000000000000000e+00
5.400000000000000000e+01 0.000000000000000000e+00 0.000000000000000000e+00 0.000000000000000000e+00
5.468421099999999768e+01 0.000000000000000000e+00 0.000000000000000000e+00 0.000000000000000000e+00
5.536842100000000499e+01 0.000000000000000000e+00 0.000000000000000000e+00 0.000000000000000000e+00
5.605263199999999557e+01 0.000000000000000000e+00 0.000000000000000000e+00 0.000000000000000000e+00
5.673684200000000288e+01 0.000000000000000000e+00 0.000000000000000000e+00 0.000000000000000000e+00
5.742105300000000057e+01 0.000000000000000000e+00 0.000000000000000000e+00 0.000000000000000000e+00
5.810526300000000077e+01 0.000000000000000000e+00 0.000000000000000000e+00 0.000000000000000000e+00
5.878947400000000556e+01 0.000000000000000000e+00 0.000000000000000000e+00 0.000000000000000000e+00
5.947368400000000577e+01 0.000000000000000000e+00 0.000000000000000000e+00 0.000000000000000000e+00
6.015789500000000345e+01 0.000000000000000000e+00 0.000000000000000000e+00 0.000000000000000000e+00
6.084210500000000366e+01 0.000000000000000000e+00 0.000000000000000000e+00 0.000000000000000000e+00
6.152631600000000134e+01 0.000000000000000000e+00 0.000000000000000000e+00 0.000000000000000000e+00
6.221052600000000155e+01 0.000000000000000000e+00 0.000000000000000000e+00 0.000000000000000000e+00
6.289473700000000633e+01 0.000000000000000000e+00 0.000000000000000000e+00 0.000000000000000000e+00
6.357894699999999943e+01 0.000000000000000000e+00 0.000000000000000000e+00 0.000000000000000000e+00
6.426315800000000422e+01 0.000000000000000000e+00 0.000000000000000000e+00 0.000000000000000000e+00
6.494736799999999732e+01 0.000000000000000000e+00 0.000000000000000000e+00 0.000000000000000000e+00
6.563157900000000211e+01 0.000000000000000000e+00 0.000000000000000000e+00 0.000000000000000000e+00
6.631578899999999521e+01 0.000000000000000000e+00 0.000000000000000000e+00 0.000000000000000000e+00
6.700000000000000000e+01 0.000000000000000000e+00 0.000000000000000000e+00 0.000000000000000000e+00
6.768421100000000479e+01 0.000000000000000000e+00 0.000000000000000000e+00 0.000000000000000000e+00
6.836842099999999789e+01 0.000000000000000000e+00 0.000000000000000000e+00 0.000000000000000000e+00
6.905263200000000268e+01 0.000000000000000000e+00 0.000000000000000000e+00 0.000000000000000000e+00
6.973684199999999578e+01 0.000000000000000000e+00 0.000000000000000000e+00 0.000000000000000000e+00
7.042105300000000057e+01 0.000000000000000000e+00 0.000000000000000000e+00 0.000000000000000000e+00
7.110526300000000788e+01 0.000000000000000000e+00 0.000000000000000000e+00 0.000000000000000000e+00
7.178947399999999845e+01 0.000000000000000000e+00 0.000000000000000000e+00 0.000000000000000000e+00
7.247368400000000577e+01 0.000000000000000000e+00 0.000000000000000000e+00 0.000000000000000000e+00
7.315789499999999634e+01 0.000000000000000000e+00 0.000000000000000000e+00 0.000000000000000000e+00
7.384210500000000366e+01 0.000000000000000000e+00 0.000000000000000000e+00 0.000000000000000000e+00
7.452631600000000844e+01 0.000000000000000000e+00 0.000000000000000000e+00 0.000000000000000000e+00
7.521052600000000155e+01 1.362265009012786389e-05 0.000000000000000000e+00 1.578598719402793860e-04
7.589473700000000633e+01 7.389744097637806759e-05 0.000000000000000000e+00 3.636323961441139492e-04
7.657894699999999943e+01 1.957459375791521913e-04 0.000000000000000000e+00 6.021268090847695879e-04
7.726315800000000422e+01 3.802353650832869872e-04 0.000000000000000000e+00 9.620187487920610478e-04
7.794736799999999732e+01 6.187050438229055836e-04 0.000000000000000000e+00 1.533028460501445868e-03
7.863157900000000211e+01 8.967624317453554541e-04 0.000000000000000000e+00 2.296001266046767721e-03
7.931578899999999521e+01 1.198147496713533903e-03 0.000000000000000000e+00 3.179717705497464575e-03
8.000000000000000000e+01 1.508464586286965533e-03 0.000000000000000000e+00 4.116558245390827646e-03
