1.500000000000000000e+01 2.521923898695270028e-04 0.000000000000000000e+00 2.793127821012184042e-02
1.568421099999999946e+01 2.751135657559630483e-03 0.000000000000000000e+00 2.048900755321544920e-02
1.636842099999999789e+01 3.926129115857641613e-03 0.000000000000000000e+00 1.568370476478505096e-02
1.705263200000000268e+01 3.823891586084293779e-03 0.000000000000000000e+00 1.507279306934246853e-02
1.773684199999999933e+01 3.036236431575614972e-03 0.000000000000000000e+00 1.567620547642857229e-02
1.842105300000000057e+01 2.277947556320051008e-03 0.000000000000000000e+00 1.555194885175241112e-02
1.910526300000000077e+01 2.064506279734415993e-03 0.000000000000000000e+00 1.508133438688511949e-02
1.978947399999999845e+01 2.241081723930577179e-03 0.000000000000000000e+00 1.465239964521081531e-02
2.047368399999999866e+01 2.381802530102750896e-03 0.000000000000000000e+00 1.428436668325317078e-02
2.115789499999999990e+01 2.115806250343277815e-03 0.000000000000000000e+00 1.374387849275649290e-02
2.184210499999999655e+01 2.059318977086015048e-03 0.000000000000000000e+00 1.352946576285841800e-02
2.252631600000000134e+01 2.718402124418217887e-03 0.000000000000000000e+00 1.401160537381809443e-02
2.321052599999999799e+01 4.139515703362403772e-03 0.000000000000000000e+00 1.523049307795006947e-02
2.389473699999999923e+01 5.544655352795674515e-03 0.000000000000000000e+00 1.641851755773632640e-02
2.457894700000000299e+01 7.383777170561793210e-03 0.000000000000000000e+00 1.803627858081830598e-02
2.526315799999999712e+01 9.163786398479771902e-03 0.000000000000000000e+00 1.960196727037859243e-02
2.594736800000000088e+01 1.041781592912522161e-02 1.786380650265048306e-04 2.065699401949038297e-02
2.663157899999999856e+01 1.091777065260459735e-02 8.655260509543889627e-04 2.097001510982941797e-02
2.731578900000000232e+01 1.142522803436620861e-02 1.564392736468245499e-03 2.128606335633506999e-02
2.800000000000000000e+01 1.339556055931911960e-02 3.818112404118295059e-03 2.297300871451993937e-02
2.868421099999999768e+01 1.685066480149394197e-02 7.675248067096339735e-03 2.602608105447357448e-02
2.936842099999999789e+01 2.008143934439182016e-02 1.110032819643918568e-02 2.906255025163547584e-02
3.005263199999999912e+01 2.189639783163710440e-02 1.306591538450685604e-02 3.072687955664039905e-02
3.073684200000000288e+01 2.296730872580925870e-02 1.467547424900283483e-02 3.125914248048872884e-02
3.142105300000000057e+01 2.508339487255763570e-02 1.741379744883052305e-02 3.275299205557576088e-02
3.210526300000000077e+01 2.976153062400186539e-02 2.242273522245794362e-02 3.710032626625477115e-02
3.278947399999999845e+01 3.722411567479548544e-02 3.009842932329925488e-02 4.434979961920189340e-02
3.347368399999999866e+01 4.637127606313016376e-02 3.938309953218938758e-02 5.335945018698111386e-02
3.415789499999999634e+01 5.547963657054105768e-02 4.842892866007064701e-02 6.253034688810130137e-02
3.484210500000000366e+01 6.285993766268346827e-02 5.575268480508353136e-02 6.996719292737323126e-02
3.552631599999999423e+01 6.721794250256622749e-02 6.037521918861048220e-02 7.406066581652194503e-02
3.621052600000000155e+01 6.789123681938712129e-02 6.154873565659055995e-02 7.423373798218368957e-02
3.689473699999999923e+01 6.502028634000936447e-02 5.866722527414110211e-02 7.137334740587762683e-02
3.757894699999999943e+01 5.952916803489520514e-02 5.195944100880543065e-02 6.709889506098498657e-02
3.826315800000000422e+01 5.284775103152610648e-02 4.341298432937436280e-02 6.228252014076767623e-02
3.894736799999999732e+01 4.647683417332006128e-02 3.564316314722329460e-02 5.731050279232700884e-02
3.963157900000000211e+01 4.158238288746939071e-02 3.059270836967519988e-02 5.257205740526359194e-02
4.031578900000000232e+01 3.876054185474510361e-02 2.909137033813590997e-02 4.842971577844412678e-02
4.100000000000000000e+01 3.801099574637982481e-02 3.074103324482403005e-02 4.528095824793561958e-02
4.168421099999999768e+01 3.887016553965304960e-02 3.364584184971044362e-02 4.409448922959566253e-02
4.236842099999999789e+01 4.061971785998813589e-02 3.461356898709819913e-02 4.662586432578824658e-02
4.305263199999999557e+01 4.249335566091266836e-02 3.372595702042738980e-02 5.126075430139795386e-02
4.373684199999999578e+01 4.383370511772251288e-02 3.248926166575417940e-02 5.517814616260100641e-02
4.442105300000000057e+01 4.418197731645316650e-02 3.131565613545050225e-02 5.704829849745583076e-02
4.510526300000000788e+01 4.330541389208896613e-02 3.024886280913666528e-02 5.636196497504127739e-02
4.578947399999999845e+01 4.117904610185291192e-02 2.923885995311472155e-02 5.311923225059110576e-02
4.647368400000000577e+01 3.794101201674533741e-02 2.819986610721460923e-02 4.768215551918623951e-02
4.715789499999999634e+01 3.383797094553369494e-02 2.700775487031982156e-02 4.066818942783740481e-02
4.784210500000000366e+01 2.917242908806510354e-02 2.537931046045801067e-02 3.296554771567219294e-02
4.852631599999999423e+01 2.425860795037537709e-02 2.181750425900743154e-02 2.669970995678044856e-02
4.921052600000000155e+01 1.938961019519289813e-02 1.502766133862836785e-02 2.375155905175743709e-02
4.989473699999999212e+01 1.481575150073255985e-02 8.215452220993414365e-03 2.141605102118068760e-02
5.057894699999999943e+01 1.073235998519789063e-02 2.563391797983470902e-03 1.890132817241231208e-02
5.126315800000000422e+01 7.274730946503374894e-03 0.000000000000000000e+00 1.611005982829159799e-02
5.194736800000000443e+01 4.517833678733484092e-03 0.000000000000000000e+00 1.307192540638727786e-02
5.263157900000000211e+01 2.478704119430871853e-03 0.000000000000000000e+00 9.885735221976806389e-03
5.331578900000000232e+01 1.119906485476793037e-03 0.000000000000000000e+00 6.714799006509949292e-03
5.400000000000000000e+01 3.529410864429880835e-04 0.000000000000000000e+00 3.791388170730355771e-03
5.468421099999999768e+01 4.089541630043029959e-05 0.000000000000000000e+00 1.423192269506215945e-03
5.536842100000000499e+01 0.000000000000000000e+00 0.000000000000000000e+00 0.000000000000000000e+00
5.605263199999999557e+01 0.000000000000000000e+00 0.000000000000000000e+00 0.000000000000000000e+00
5.673684200000000288e+01 0.000000000000000000e+00 0.000000000000000000e+00 0.000000000000000000e+00
5.742105300000000057e+01 0.000000000000000000e+00 0.000000000000000000e+00 0.000000000000000000e+00
5.810526300000000077e+01 0.000000000000000000e+00 0.000000000000000000e+00 0.000000000000000000e+00
5.878947400000000556e+01 0.000000000000000000e+00 0.000000000000000000e+00 0.000000000000000000e+00
5.947368400000000577e+01 0.000000000000000000e+00 0.000000000000000000e+00 0.000000000000000000e+00
6.015789500000000345e+01 0.000000000000000000e+00 0.000000000000000000e+00 0.000000000000000000e+00
6.084210500000000366e+01 0.000000000000000000e+00 0.000000000000000000e+00 0.000000000000000000e+00
6.152631600000000134e+01 0.000000000000000000e+00 0.000000000000000000e+00 0.000000000000000000e+00
6.221052600000000155e+01 0.000000000000000000e+00 0.000000000000000000e+00 0.000000000000000000e+00
6.289473700000000633e+01 0.000000000000000000e+00 0.000000000000000000e+00 0.000000000000000000e+00
6.357894699999999943e+01 0.000000000000000000e+00 0.000000000000000000e+00 0.000000000000000000e+00
6.426315800000000422e+01 0.000000000000000000e+00 0.000000000000000000e+00 0.000000000000000000e+00
6.494736799999999732e+01 0.000000000000000000e+00 0.000000000000000000e+00 0.000000000000000000e+00
6.563157900000000211e+01 0.000000000000000000e+00 0.000000000000000000e+00 0.000000000000000000e+00
6.631578899999999521e+01 0.000000000000000000e+00 0.000000000000000000e+00 0.000000000000000000e+00
6.700000000000000000e+01 0.000000000000000000e+00 0.000000000000000000e+00 0.000000000000000000e+00
6.768421100000000479e+01 0.000000000000000000e+00 0.000000000000000000e+00 0.000000000000000000e+00
6.836842099999999789e+01 0.000000000000000000e+00 0.000000000000000000e+00 0.000000000000000000e+00
6.905263200000000268e+01 0.000000000000000000e+00 0.000000000000000000e+00 0.000000000000000000e+00
6.973684199999999578e+01 0.000000000000000000e+00 0.000000000000000000e+00 0.000000000000000000e+00
7.042105300000000057e+01 0.000000000000000000e+00 0.000000000000000000e+00 0.000000000000000000e+00
7.110526300000000788e+01 0.000000000000000000e+00 0.000000000000000000e+00 0.000000000000000000e+00
7.178947399999999845e+01 1.985169345229481700e-05 0.000000000000000000e+00 4.321306348378063178e-04
7.247368400000000577e+01 1.600269134584270515e-04 0.000000000000000000e+00 1.128180375339647061e-03
7.315789499999999634e+01 4.889019687655709375e-04 0.000000000000000000e+00 1.959238560861264848e-03
7.384210500000000366e+01 1.046910499561716718e-03 0.000000000000000000e+00 2.831229886595084452e-03
7.452631600000000844e+01 1.850716889817979145e-03 2.026736079625985002e-05 3.681166324000359133e-03
7.521052600000000155e+01 2.897387306240336007e-03 1.318681074894838962e-03 4.476093537585833053e-03
7.589473700000000633e+01 4.168537985408320851e-03 3.108056530039231356e-03 5.229019440777410779e-03
7.657894699999999943e+01 5.634443173274033406e-03 5.036193251740211582e-03 6.232693094807855230e-03
7.726315800000000422e+01 7.258089530983390623e-03 5.991308201269644057e-03 8.524870860697137190e-03
7.794736799999999732e+01 8.999162155275398228e-03 6.505463069766310308e-03 1.149286100007550215e-02
7.863157900000000211e+01 1.081795248881651551e-02 6.920245567510882254e-03 1.471565941012214877e-02
7.931578899999999521e+01 1.267918390806294787e-02 7.293179364356599040e-03 1.806518869247827896e-02
8.000000000000000000e+01 1.455573862044002090e-02 7.649781297434102116e-03 2.146169618415492281e-02
