1.500000000000000000e+01 8.293211288892345795e-03 0.000000000000000000e+00 2.551686686605948023e-02
1.568421099999999946e+01 7.301092669063715367e-03 0.000000000000000000e+00 2.048235923873659853e-02
1.636842099999999789e+01 6.254635162536544696e-03 0.000000000000000000e+00 1.593070227183718962e-02
1.705263200000000268e+01 5.238040855220241210e-03 0.000000000000000000e+00 1.242321866221252763e-02
1.773684199999999933e+01 4.381613945496562468e-03 0.000000000000000000e+00 1.051814890160930431e-02
1.842105300000000057e+01 3.746170859292657050e-03 0.000000000000000000e+00 1.002513953181616811e-02
1.910526300000000077e+01 3.408250907636112791e-03 0.000000000000000000e+00 1.020663270822010082e-02
1.978947399999999845e+01 3.384321291769457150e-03 0.000000000000000000e+00 1.054527179875298405e-02
2.047368399999999866e+01 3.772349291610217238e-03 0.000000000000000000e+00 1.099658634702200752e-02
2.115789499999999990e+01 4.635740783131891106e-03 0.000000000000000000e+00 1.167982328869773649e-02
2.184210499999999655e+01 5.968685318861414318e-03 0.000000000000000000e+00 1.271360012780699787e-02
2.252631600000000134e+01 7.763672456953437870e-03 1.317791524287052155e-03 1.420955349540665470e-02
2.321052599999999799e+01 1.002445022482613586e-02 3.803230794855161617e-03 1.624566965479710967e-02
2.389473699999999923e+01 1.261257920522920913e-02 6.527159176357025597e-03 1.869799923410139439e-02
2.457894700000000299e+01 1.536123716261286222e-02 9.351711779820866266e-03 2.137076148753654786e-02
2.526315799999999712e+01 1.794057843097450824e-02 1.198769935723626757e-02 2.389345792786007339e-02
2.594736800000000088e+01 1.998398182199715226e-02 1.409721803654497528e-02 2.587074497272834339e-02
2.663157899999999856e+01 2.115563465769542892e-02 1.535043315357481099e-02 2.696083595024238375e-02
2.731578900000000232e+01 2.126276371188838554e-02 1.554478091094662652e-02 2.698074503181450978e-02
2.800000000000000000e+01 2.045821445245592576e-02 1.482258923824030655e-02 2.609383882037690644e-02
2.868421099999999768e+01 1.921914620832003776e-02 1.365022784234877495e-02 2.478806542058594256e-02
2.936842099999999789e+01 1.822480014098033785e-02 1.271338157221439495e-02 2.373621849817262458e-02
3.005263199999999912e+01 1.828657330300599224e-02 1.284193330595574840e-02 2.373121266533525370e-02
3.073684200000000288e+01 2.020230447199924256e-02 1.483028015241914105e-02 2.557432815685835303e-02
3.142105300000000057e+01 2.449221773786610518e-02 1.918438550198662412e-02 2.980004870430361455e-02
3.210526300000000077e+01 3.117665061884378544e-02 2.591942595656395246e-02 3.643387739686024251e-02
3.278947399999999845e+01 3.969949359310691317e-02 3.449097318776547794e-02 4.490801399844834840e-02
3.347368399999999866e+01 4.904343702278873840e-02 4.392451171599510984e-02 5.416236444531897370e-02
3.415789499999999634e+01 5.799295425352435362e-02 5.304476677603880974e-02 6.294114173100988363e-02
3.484210500000000366e+01 6.541993028930723209e-02 6.067569982176357346e-02 7.016416287258751827e-02
3.552631599999999423e+01 7.049415642857967401e-02 6.582686683887363499e-02 7.516144390254909935e-02
3.621052600000000155e+01 7.279099163775874792e-02 6.793037026740468554e-02 7.765161300811281031e-02
3.689473699999999923e+01 7.230430239638988010e-02 6.703766693763470175e-02 7.757093785514503070e-02
3.757894699999999943e+01 6.938110336155424440e-02 6.373783928028056711e-02 7.502436532709128025e-02
3.826315800000000422e+01 6.460221501247677411e-02 5.886348043206807851e-02 7.034094959288547666e-02
3.894736799999999732e+01 5.864265465407364486e-02 5.322618907526605742e-02 6.405912023288123924e-02
3.963157900000000211e+01 5.214645674423205174e-02 4.743951613457454003e-02 5.685339735388954957e-02
4.031578900000000232e+01 4.564017523367071283e-02 4.179729299571676576e-02 4.948305747162465296e-02
4.100000000000000000e+01 3.949308656016178865e-02 3.619891638252326072e-02 4.278725673780031658e-02
4.168421099999999768e+01 3.391812480411585812e-02 3.041263908457925158e-02 3.742361052365246465e-02
4.236842099999999789e+01 2.899980094898851196e-02 2.472187671623924526e-02 3.327772729747439234e-02
4.305263199999999557e+01 2.473404008605414178e-02 1.962505027841702013e-02 2.984303200942788059e-02
4.373684199999999578e+01 2.106786184309640889e-02 1.537522112378724923e-02 2.676050319712654918e-02
4.442105300000000057e+01 1.793142956269245039e-02 1.202750059448758069e-02 2.383535768460267115e-02
4.510526300000000788e+01 1.525940485504220616e-02 9.536651702748619869e-03 2.098215800733578898e-02
4.578947399999999845e+01 1.300180788560048768e-02 7.809131173920358555e-03 1.819448459728061768e-02
4.647368400000000577e+01 1.112644772172968755e-02 6.727727834105729984e-03 1.552516760935364858e-02
4.715789499999999634e+01 9.615679331612229236e-03 6.155888868396396443e-03 1.307547000640172513e-02
4.784210500000000366e+01 8.460225633327022807e-03 5.911944013233528562e-03 1.100850725342051965e-02
4.852631599999999423e+01 7.652227934781451191e-03 5.690650657446591314e-03 9.613805212116313670e-03
4.921052600000000155e+01 7.179094217921884111e-03 5.138680785887310594e-03 9.219507649956456760e-03
4.989473699999999212e+01 7.019026894671274823e-03 4.389642531239574923e-03 9.648411258102975591e-03
5.057894699999999943e+01 7.138603038959553775e-03 3.798448172230954167e-03 1.047875790568815295e-02
5.126315800000000422e+01 7.492382975449358128e-03 3.517959256339651952e-03 1.146680669455906430e-02
5.194736800000000443e+01 8.024270698181186490e-03 3.573480205086475119e-03 1.247506119127589699e-02
5.263157900000000211e+01 8.670218205118082611e-03 3.935777039330646924e-03 1.340465937090552090e-02
5.331578900000000232e+01 9.361815268464813641e-03 4.548582378446635807e-03 1.417504794690933011e-02
5.400000000000000000e+01 1.003031737404055240e-02 5.341052685955242907e-03 1.471958206212586363e-02
5.468421099999999768e+01 1.061072443833039995e-02 6.235261997049669144e-03 1.498618687961113249e-02
5.536842100000000499e+01 1.104557051591492471e-02 7.151366220105553721e-03 1.493977502329795794e-02
5.605263199999999557e+01 1.128818584218725836e-02 8.010789436027154417e-03 1.456558245992102540e-02
5.673684200000000288e+01 1.130525095059793476e-02 8.736098223492265794e-03 1.387440346612994410e-02
5.742105300000000057e+01 1.107851316977278948e-02 9.241120534226782840e-03 1.291590580531879612e-02
5.810526300000000077e+01 1.060563588019127965e-02 9.381974430105148935e-03 1.182929711870375246e-02
5.878947400000000556e+01 9.900135676808958715e-03 8.844788479735389564e-03 1.095548308545618924e-02
5.947368400000000577e+01 8.990457792155537656e-03 7.552605302534271502e-03 1.042831049335046605e-02
6.015789500000000345e+01 7.918214957174365617e-03 5.936808996258848871e-03 9.899620918089883231e-03
6.084210500000000366e+01 6.735668405205448399e-03 4.271112407135064029e-03 9.200224403275832769e-03
6.152631600000000134e+01 5.502522107862371087e-03 2.700401178739885583e-03 8.304643036984856591e-03
6.221052600000000155e+01 4.282110852368278819e-03 1.329764012344302002e-03 7.234457755864353440e-03
6.289473700000000633e+01 3.137069963420518852e-03 2.408732075839912384e-04 6.033266698099681163e-03
6.357894699999999943e+01 2.124564105544170852e-03 0.000000000000000000e+00 4.759183224515271121e-03
6.426315800000000422e+01 1.291158716373483903e-03 0.000000000000000000e+00 3.481498555633953315e-03
6.494736799999999732e+01 6.674045248905985644e-04 0.000000000000000000e+00 2.278522662458626422e-03
6.563157900000000211e+01 2.622042968942101568e-04 0.000000000000000000e+00 1.235812083166589262e-03
6.631578899999999521e+01 5.702358297594043655e-05 0.000000000000000000e+00 4.445506229318457996e-04
6.700000000000000000e+01 0.000000000000000000e+00 0.000000000000000000e+00 0.000000000000000000e+00
6.768421100000000479e+01 0.000000000000000000e+00 0.000000000000000000e+00 0.000000000000000000e+00
6.836842099999999789e+01 0.000000000000000000e+00 0.000000000000000000e+00 0.000000000000000000e+00
6.905263200000000268e+01 0.000000000000000000e+00 0.000000000000000000e+00 0.000000000000000000e+00
6.973684199999999578e+01 0.000000000000000000e+00 0.000000000000000000e+00 0.000000000000000000e+00
7.042105300000000057e+01 0.000000000000000000e+00 0.000000000000000000e+00 0.000000000000000000e+00
7.110526300000000788e+01 0.000000000000000000e+00 0.000000000000000000e+00 0.000000000000000000e+00
7.178947399999999845e+01 0.000000000000000000e+00 0.000000000000000000e+00 0.000000000000000000e+00
7.247368400000000577e+01 0.000000000000000000e+00 0.000000000000000000e+00 0.000000000000000000e+00
7.315789499999999634e+01 0.000000000000000000e+00 0.000000000000000000e+00 0.000000000000000000e+00
7.384210500000000366e+01 0.000000000000000000e+00 0.000000000000000000e+00 0.000000000000000000e+00
7.452631600000000844e+01 0.000000000000000000e+00 0.000000000000000000e+00 0.000000000000000000e+00
7.521052600000000155e+01 0.000000000000000000e+00 0.000000000000000000e+00 0.000000000000000000e+00
7.589473700000000633e+01 0.000000000000000000e+00 0.000000000000000000e+00 0.000000000000000000e+00
7.657894699999999943e+01 0.000000000000000000e+00 0.000000000000000000e+00 0.000000000000000000e+00
7.726315800000000422e+01 0.000000000000000000e+00 0.000000000000000000e+00 0.000000000000000000e+00
7.794736799999999732e+01 0.000000000000000000e+00 0.000000000000000000e+00 0.000000000000000000e+00
7.863157900000000211e+01 0.000000000000000000e+00 0.000000000000000000e+00 0.000000000000000000e+00
7.931578899999999521e+01 0.000000000000000000e+00 0.000000000000000000e+00 0.000000000000000000e+00
8.000000000000000000e+01 0.000000000000000000e+00 0.000000000000000000e+00 0.000000000000000000e+00
