1.500000000000000000e+01 0.000000000000000000e+00 0.000000000000000000e+00 0.000000000000000000e+00
1.568421099999999946e+01 1.401459539816440978e-03 0.000000000000000000e+00 8.017666716425975518e-03
1.636842099999999789e+01 1.838282469770746285e-03 0.000000000000000000e+00 1.211440410843118813e-02
1.705263200000000268e+01 1.440828686004603284e-03 0.000000000000000000e+00 1.198817373981799807e-02
1.773684199999999933e+01 9.957385823145868762e-04 0.000000000000000000e+00 9.872549196225037516e-03
1.842105300000000057e+01 7.988881886191094659e-04 0.000000000000000000e+00 8.599446844565051748e-03
1.910526300000000077e+01 9.561595847384601714e-04 0.000000000000000000e+00 9.583122962841117073e-03
1.978947399999999845e+01 1.371189320512600706e-03 0.000000000000000000e+00 1.082040630743216249e-02
2.047368399999999866e+01 1.482015977377105619e-03 0.000000000000000000e+00 9.720510480532358610e-03
2.115789499999999990e+01 6.521733239208205371e-04 0.000000000000000000e+00 5.157926595299034203e-03
2.184210499999999655e+01 0.000000000000000000e+00 0.000000000000000000e+00 0.000000000000000000e+00
2.252631600000000134e+01 0.000000000000000000e+00 0.000000000000000000e+00 0.000000000000000000e+00
2.321052599999999799e+01 1.974278292333859152e-04 0.000000000000000000e+00 1.358922710103588382e-03
2.389473699999999923e+01 0.000000000000000000e+00 0.000000000000000000e+00 0.000000000000000000e+00
2.457894700000000299e+01 1.674656342456164453e-04 0.000000000000000000e+00 1.549492290979284257e-03
2.526315799999999712e+01 0.000000000000000000e+00 0.000000000000000000e+00 0.000000000000000000e+00
2.594736800000000088e+01 1.283996740798592679e-05 0.000000000000000000e+00 4.770444002675486989e-03
2.663157899999999856e+01 2.152892131396960153e-03 0.000000000000000000e+00 1.027943159105839874e-02
2.731578900000000232e+01 6.234381108811851667e-03 0.000000000000000000e+00 1.521211038248392912e-02
2.800000000000000000e+01 1.121124718053439009e-02 2.770614034192548768e-03 1.965188060115592023e-02
2.868421099999999768e+01 1.546097750726080876e-02 7.612012546027728706e-03 2.330994246849388621e-02
2.936842099999999789e+01 1.738775170990754237e-02 9.426183417714183860e-03 2.534931972782121859e-02
3.005263199999999912e+01 1.745957349143522144e-02 9.144232402899840628e-03 2.577491430569091649e-02
3.073684200000000288e+01 1.887689676489015533e-02 1.073294893810903226e-02 2.702084431739159784e-02
3.142105300000000057e+01 2.553671995206614059e-02 1.789736199559706711e-02 3.317607818281489290e-02
3.210526300000000077e+01 3.970999081149188120e-02 3.243513629553073513e-02 4.698484807024988497e-02
3.278947399999999845e+01 6.052753649123838314e-02 5.344898120394315361e-02 6.760609452133047037e-02
3.347368399999999866e+01 8.407966161427508911e-02 7.700608724608250244e-02 9.115323872526452653e-02
3.415789499999999634e+01 1.051284634687024988e-01 9.781790322318285880e-02 1.124390264570190173e-01
3.484210500000000366e+01 1.190703412878838657e-01 1.115800263643740436e-01 1.265606562113937017e-01
3.552631599999999423e+01 1.231308216481611789e-01 1.158947831934008382e-01 1.303668601029215057e-01
3.621052600000000155e+01 1.167732242302085416e-01 1.101924865734917047e-01 1.233539591441285277e-01
3.689473699999999923e+01 1.015816733044479780e-01 9.524001153626757143e-02 1.079233350726283708e-01
3.757894699999999943e+01 8.072415958881834497e-02 7.313769866408376119e-02 8.831062051355292875e-02
3.826315800000000422e+01 5.808977703883485416e-02 4.818449256205360048e-02 6.799506425841296553e-02
3.894736799999999732e+01 3.733366452321890128e-02 2.532457037461041671e-02 4.934275647758989275e-02
3.963157900000000211e+01 2.112115930418237766e-02 8.186789216657610127e-03 3.405552856886808616e-02
4.031578900000000232e+01 1.076142794649372243e-02 0.000000000000000000e+00 2.300892791836510118e-02
4.100000000000000000e+01 6.247419542258024656e-03 0.000000000000000000e+00 1.630074044554991747e-02
4.168421099999999768e+01 6.583945357647758533e-03 0.000000000000000000e+00 1.366682384135795708e-02
4.236842099999999789e+01 1.023638970273125018e-02 4.929395937860576137e-03 1.554338346760192335e-02
4.305263199999999557e+01 1.555586621040371507e-02 8.577809194394971082e-03 2.253392322641245907e-02
4.373684199999999578e+01 2.109433091094965046e-02 1.096807602200226134e-02 3.122058470277829650e-02
4.442105300000000057e+01 2.578178967458662207e-02 1.292398640716199004e-02 3.863959239345188257e-02
4.510526300000000788e+01 2.897940150152382086e-02 1.445120888815027912e-02 4.350759054926144065e-02
4.578947399999999845e+01 3.044310876128308863e-02 1.549359429899255410e-02 4.539262432069237491e-02
4.647368400000000577e+01 3.023668038380325496e-02 1.607565035249601884e-02 4.439771315790735223e-02
4.715789499999999634e+01 2.862716330002647303e-02 1.628379901216813266e-02 4.097052813644418839e-02
4.784210500000000366e+01 2.598592644528768120e-02 1.621657059254640390e-02 3.575528092663052965e-02
4.852631599999999423e+01 2.270841475150281105e-02 1.591683062011970892e-02 2.949999806004684894e-02
4.921052600000000155e+01 1.915756963636648658e-02 1.517991049587531262e-02 2.313522877685765533e-02
4.989473699999999212e+01 1.563040363510513966e-02 1.266869510357331724e-02 1.859211189235728326e-02
5.057894699999999943e+01 1.234402530190224952e-02 7.626423749303679230e-03 1.706162685450082414e-02
5.126315800000000422e+01 9.436080525913517064e-03 2.471690811815624184e-03 1.640047045943515691e-02
5.194736800000000443e+01 6.974564612763479651e-03 0.000000000000000000e+00 1.577509741507922281e-02
5.263157900000000211e+01 4.972561252046545435e-03 0.000000000000000000e+00 1.495195226014209636e-02
5.331578900000000232e+01 3.404454092463614356e-03 0.000000000000000000e+00 1.381246059489342828e-02
5.400000000000000000e+01 2.221155572842793430e-03 0.000000000000000000e+00 1.229354083428819099e-02
5.468421099999999768e+01 1.362830482505738693e-03 0.000000000000000000e+00 1.038787958477170419e-02
5.536842100000000499e+01 7.683219941058163065e-04 0.000000000000000000e+00 8.154159808060295125e-03
5.605263199999999557e+01 3.810667244862477954e-04 0.000000000000000000e+00 5.728170519833633047e-03
5.673684200000000288e+01 1.516631938886130518e-04 0.000000000000000000e+00 3.332500108127155625e-03
5.742105300000000057e+01 3.750279086336614343e-05 0.000000000000000000e+00 1.284160760050981473e-03
5.810526300000000077e+01 0.000000000000000000e+00 0.000000000000000000e+00 0.000000000000000000e+00
5.878947400000000556e+01 0.000000000000000000e+00 0.000000000000000000e+00 0.000000000000000000e+00
5.947368400000000577e+01 0.000000000000000000e+00 0.000000000000000000e+00 0.000000000000000000e+00
6.015789500000000345e+01 0.000000000000000000e+00 0.000000000000000000e+00 0.000000000000000000e+00
6.084210500000000366e+01 0.000000000000000000e+00 0.000000000000000000e+00 0.000000000000000000e+00
6.152631600000000134e+01 0.000000000000000000e+00 0.000000000000000000e+00 0.000000000000000000e+00
6.221052600000000155e+01 0.000000000000000000e+00 0.000000000000000000e+00 0.000000000000000000e+00
6.289473700000000633e+01 0.000000000000000000e+00 0.000000000000000000e+00 0.000000000000000000e+00
6.357894699999999943e+01 0.000000000000000000e+00 0.000000000000000000e+00 0.000000000000000000e+00
6.426315800000000422e+01 0.000000000000000000e+00 0.000000000000000000e+00 0.000000000000000000e+00
6.494736799999999732e+01 0.000000000000000000e+00 0.000000000000000000e+00 0.000000000000000000e+00
6.563157900000000211e+01 0.000000000000000000e+00 0.000000000000000000e+00 0.000000000000000000e+00
6.631578899999999521e+01 0.000000000000000000e+00 0.000000000000000000e+00 0.000000000000000000e+00
6.700000000000000000e+01 0.000000000000000000e+00 0.000000000000000000e+00 0.000000000000000000e+00
6.768421100000000479e+01 0.000000000000000000e+00 0.000000000000000000e+00 0.000000000000000000e+00
6.836842099999999789e+01 0.000000000000000000e+00 0.000000000000000000e+00 0.000000000000000000e+00
6.905263200000000268e+01 0.000000000000000000e+00 0.000000000000000000e+00 0.000000000000000000e+00
6.973684199999999578e+01 0.000000000000000000e+00 0.000000000000000000e+00 0.000000000000000000e+00
7.042105300000000057e+01 0.000000000000000000e+00 0.000000000000000000e+00 0.000000000000000000e+00
7.110526300000000788e+01 0.000000000000000000e+00 0.000000000000000000e+00 0.000000000000000000e+00
7.178947399999999845e+01 0.000000000000000000e+00 0.000000000000000000e+00 0.000000000000000000e+00
7.247368400000000577e+01 3.106939351131619408e-05 0.000000000000000000e+00 2.508734367971879732e-04
7.315789499999999634e+01 1.888061188324066913e-04 0.000000000000000000e+00 6.763560701557301026e-04
7.384210500000000366e+01 5.359403675882342061e-04 0.000000000000000000e+00 1.225446393310574691e-03
7.452631600000000844e+01 1.106665159268799704e-03 3.326447578290256022e-04 1.880685533280605217e-03
7.521052600000000155e+01 1.911098707156928898e-03 1.130663150707038496e-03 2.691534263606819299e-03
7.589473700000000633e+01 2.939839389306533272e-03 2.041372808612751041e-03 3.838305860288440934e-03
7.657894699999999943e+01 4.168578647390611645e-03 2.833101803716802508e-03 5.504055491064420783e-03
7.726315800000000422e+01 5.562744486933847085e-03 3.494124624575251688e-03 7.631364075012758014e-03
7.794736799999999732e+01 7.082142591311939989e-03 4.082485819506668535e-03 1.008179936311721057e-02
7.863157900000000211e+01 8.685581911520681361e-03 4.630939868645305574e-03 1.274022395439605715e-02
7.931578899999999521e+01 1.033545458837728873e-02 5.156630623781413396e-03 1.551427855297316666e-02
8.000000000000000000e+01 1.200226211590320856e-02 5.669919000063804691e-03 1.833460523174261156e-02
