1.500000000000000000e+01 1.340398335267038547e-02 0.000000000000000000e+00 3.748958934478534982e-02
1.568421099999999946e+01 7.234365914208052556e-03 0.000000000000000000e+00 2.441053540086409249e-02
1.636842099999999789e+01 2.633553973817542946e-03 0.000000000000000000e+00 1.404475830171203303e-02
1.705263200000000268e+01 3.163267053571457046e-04 0.000000000000000000e+00 6.243104210121864540e-03
1.773684199999999933e+01 0.000000000000000000e+00 0.000000000000000000e+00 0.000000000000000000e+00
1.842105300000000057e+01 9.375763855864243041e-04 0.000000000000000000e+00 7.237002535559801560e-03
1.910526300000000077e+01 2.684230388980499409e-03 0.000000000000000000e+00 1.358001463305042421e-02
1.978947399999999845e+01 5.186326329280469861e-03 0.000000000000000000e+00 1.782878525907697492e-02
2.047368399999999866e+01 6.683417907630693350e-03 0.000000000000000000e+00 1.882434832426021359e-02
2.115789499999999990e+01 6.927339320494899089e-03 0.000000000000000000e+00 1.780879446856419718e-02
2.184210499999999655e+01 7.061349177800957735e-03 0.000000000000000000e+00 1.721947114611196636e-02
2.252631600000000134e+01 7.887050690411068210e-03 0.000000000000000000e+00 1.811623245267295762e-02
2.321052599999999799e+01 9.937343709475476156e-03 0.000000000000000000e+00 2.053205843565678382e-02
2.389473699999999923e+01 1.401458052233540801e-02 3.218144050465813859e-03 2.481101680618379851e-02
2.457894700000000299e+01 2.048777756176742987e-02 9.750096776221359521e-03 3.122545797127109293e-02
2.526315799999999712e+01 2.837204441022356596e-02 1.784481049436406619e-02 3.889927644587102412e-02
2.594736800000000088e+01 3.804138833533460967e-02 2.775360318392489783e-02 4.832917160653227989e-02
2.663157899999999856e+01 4.860459822847740946e-02 3.853233426302331982e-02 5.867686219393149216e-02
2.731578900000000232e+01 5.907572285646776888e-02 4.920754838773117729e-02 6.894389544499229805e-02
2.800000000000000000e+01 6.968233556447454846e-02 6.008275126668476129e-02 7.928191798205229401e-02
2.868421099999999768e+01 7.972274121702552230e-02 7.046109871148985293e-02 8.898438184234915005e-02
2.936842099999999789e+01 8.638383047848575969e-02 7.727322164616072520e-02 9.549443743059873868e-02
3.005263199999999912e+01 8.692469415577695757e-02 7.804004732689759360e-02 9.580934098465633542e-02
3.073684200000000288e+01 8.088124138985981759e-02 7.259837334812972720e-02 8.916410755137788025e-02
3.142105300000000057e+01 7.045030253392317587e-02 6.270340585774125675e-02 7.819719732989306726e-02
3.210526300000000077e+01 5.911609664972606454e-02 5.160033820075173028e-02 6.663185509870039880e-02
3.278947399999999845e+01 4.967860919282408166e-02 4.241096352540633246e-02 5.694625298002978231e-02
3.347368399999999866e+01 4.335927479364674181e-02 3.633538357626353577e-02 5.038316601102994091e-02
3.415789499999999634e+01 4.010814561919880117e-02 3.311380945496266576e-02 4.710248366364697126e-02
3.484210500000000366e+01 3.912416484823855178e-02 3.213810349721574894e-02 4.611022619926135463e-02
3.552631599999999423e+01 3.916671592704581983e-02 3.246362084827157657e-02 4.586980912560800761e-02
3.621052600000000155e+01 3.887883102008558162e-02 3.259338368260870922e-02 4.516427835756245401e-02
3.689473699999999923e+01 3.722824175063876168e-02 3.079620556122738412e-02 4.366027605983809068e-02
3.757894699999999943e+01 3.386246476648944320e-02 2.628943693881374832e-02 4.143549259416513114e-02
3.826315800000000422e+01 2.916434132354414274e-02 2.012164010967530670e-02 3.820704441762502040e-02
3.894736799999999732e+01 2.400453557319011735e-02 1.415898964444528216e-02 3.385008357016820735e-02
3.963157900000000211e+01 1.935787165372482993e-02 9.971971762743177259e-03 2.874377173272768538e-02
4.031578900000000232e+01 1.597120871010775101e-02 8.285818658493487518e-03 2.365659857370081345e-02
4.100000000000000000e+01 1.418867650045676360e-02 8.553285402742950849e-03 1.982406835025539091e-02
4.168421099999999768e+01 1.394269982780535141e-02 8.542752642883889164e-03 1.934264757679042893e-02
4.236842099999999789e+01 1.485862858002428948e-02 7.293239677848051099e-03 2.242401804626414225e-02
4.305263199999999557e+01 1.640512047362202228e-02 6.372871368946699151e-03 2.643737014236096153e-02
4.373684199999999578e+01 1.803608596994739702e-02 6.463717010297372230e-03 2.960845492959742267e-02
4.442105300000000057e+01 1.929416066855474399e-02 7.543776992837620578e-03 3.104454584844150086e-02
4.510526300000000788e+01 1.986729066476299044e-02 9.327246676214621598e-03 3.040733446529015130e-02
4.578947399999999845e+01 1.960406097835861589e-02 1.140844850109904232e-02 2.779967401968180124e-02
4.647368400000000577e+01 1.849968007696423805e-02 1.328119930138344992e-02 2.371816047650261369e-02
4.715789499999999634e+01 1.666516132039681450e-02 1.392161343773352065e-02 1.940870882701769759e-02
4.784210500000000366e+01 1.429005602979372541e-02 1.078570309338525157e-02 1.779440915422340203e-02
4.852631599999999423e+01 1.160568650512184066e-02 5.834583206115752894e-03 1.737678980412792756e-02
4.921052600000000155e+01 8.852789080039872097e-03 1.396335282900063902e-03 1.630924263275211269e-02
4.989473699999999212e+01 6.255035847742961702e-03 0.000000000000000000e+00 1.435223934267664501e-02
5.057894699999999943e+01 3.998397077506161967e-03 0.000000000000000000e+00 1.160095589161474344e-02
5.126315800000000422e+01 2.215441256081264552e-03 0.000000000000000000e+00 8.317578824327813425e-03
5.194736800000000443e+01 9.734023971569508290e-04 0.000000000000000000e+00 4.906139574499128291e-03
5.263157900000000211e+01 2.648485865800035192e-04 0.000000000000000000e+00 1.907632306135875798e-03
5.331578900000000232e+01 0.000000000000000000e+00 0.000000000000000000e+00 0.000000000000000000e+00
5.400000000000000000e+01 0.000000000000000000e+00 0.000000000000000000e+00 0.000000000000000000e+00
5.468421099999999768e+01 0.000000000000000000e+00 0.000000000000000000e+00 0.000000000000000000e+00
5.536842100000000499e+01 0.000000000000000000e+00 0.000000000000000000e+00 0.000000000000000000e+00
5.605263199999999557e+01 0.000000000000000000e+00 0.000000000000000000e+00 0.000000000000000000e+00
5.673684200000000288e+01 0.000000000000000000e+00 0.000000000000000000e+00 0.000000000000000000e+00
5.742105300000000057e+01 0.000000000000000000e+00 0.000000000000000000e+00 0.000000000000000000e+00
5.810526300000000077e+01 0.000000000000000000e+00 0.000000000000000000e+00 0.000000000000000000e+00
5.878947400000000556e+01 0.000000000000000000e+00 0.000000000000000000e+00 0.000000000000000000e+00
5.947368400000000577e+01 0.000000000000000000e+00 0.000000000000000000e+00 0.000000000000000000e+00
6.015789500000000345e+01 0.000000000000000000e+00 0.000000000000000000e+00 0.000000000000000000e+00
6.084210500000000366e+01 0.000000000000000000e+00 0.000000000000000000e+00 0.000000000000000000e+00
6.152631600000000134e+01 0.000000000000000000e+00 0.000000000000000000e+00 0.000000000000000000e+00
6.221052600000000155e+01 0.000000000000000000e+00 0.000000000000000000e+00 0.000000000000000000e+00
6.289473700000000633e+01 0.000000000000000000e+00 0.000000000000000000e+00 0.000000000000000000e+00
6.357894699999999943e+01 0.000000000000000000e+00 0.000000000000000000e+00 0.000000000000000000e+00
6.426315800000000422e+01 0.000000000000000000e+00 0.000000000000000000e+00 0.000000000000000000e+00
6.494736799999999732e+01 0.000000000000000000e+00 0.000000000000000000e+00 0.000000000000000000e+00
6.563157900000000211e+01 0.000000000000000000e+00 0.000000000000000000e+00 0.000000000000000000e+00
6.631578899999999521e+01 0.000000000000000000e+00 0.000000000000000000e+00 0.000000000000000000e+00
6.700000000000000000e+01 0.000000000000000000e+00 0.000000000000000000e+00 0.000000000000000000e+00
6.768421100000000479e+01 0.000000000000000000e+00 0.000000000000000000e+00 0.000000000000000000e+00
6.836842099999999789e+01 0.000000000000000000e+00 0.000000000000000000e+00 0.000000000000000000e+00
6.905263200000000268e+01 0.000000000000000000e+00 0.000000000000000000e+00 0.000000000000000000e+00
6.973684199999999578e+01 0.000000000000000000e+00 0.000000000000000000e+00 0.000000000000000000e+00
7.042105300000000057e+01 0.000000000000000000e+00 0.000000000000000000e+00 0.000000000000000000e+00
7.110526300000000788e+01 0.000000000000000000e+00 0.000000000000000000e+00 0.000000000000000000e+00
7.178947399999999845e+01 0.000000000000000000e+00 0.000000000000000000e+00 0.000000000000000000e+00
7.247368400000000577e+01 0.000000000000000000e+00 0.000000000000000000e+00 0.000000000000000000e+00
7.315789499999999634e+01 0.000000000000000000e+00 0.000000000000000000e+00 0.000000000000000000e+00
7.384210500000000366e+01 6.434232089059603837e-05 0.000000000000000000e+00 3.044075899482737461e-04
7.452631600000000844e+01 2.670721629495431616e-04 0.000000000000000000e+00 7.744156079104042847e-04
7.521052600000000155e+01 6.481544428830313164e-04 0.000000000000000000e+00 1.317232430672612368e-03
7.589473700000000633e+01 1.219802737988628840e-03 5.490298330504104780e-04 1.890575586520485850e-03
7.657894699999999943e+01 1.972675045497964894e-03 1.395689693292036931e-03 2.549660604527217815e-03
7.726315800000000422e+01 2.881923968381982452e-03 2.182980899281104174e-03 3.580867037482860730e-03
7.794736799999999732e+01 3.913089224693823247e-03 2.687169724471613445e-03 5.139008912937237557e-03
7.863157900000000211e+01 5.027829342375438916e-03 3.044790380060120438e-03 7.010868304690758696e-03
7.931578899999999521e+01 6.189481502683225056e-03 3.340509378530160962e-03 9.038453814857494092e-03
8.000000000000000000e+01 7.368450039889918105e-03 3.610582096675027559e-03 1.112631798310480952e-02
