1.500000000000000000e+01 1.373515876992915420e-02 0.000000000000000000e+00 4.276522356210567255e-02
1.557894700000000121e+01 1.301832946560315708e-02 0.000000000000000000e+00 3.321555100638082930e-02
1.615789499999999990e+01 1.215282555884238287e-02 0.000000000000000000e+00 2.577044906294341520e-02
1.673684199999999933e+01 1.051182015553791919e-02 0.000000000000000000e+00 2.152880975049308726e-02
1.731578899999999877e+01 8.110050495836497453e-03 0.000000000000000000e+00 1.979564144525234465e-02
1.789473699999999923e+01 5.297558892229247036e-03 0.000000000000000000e+00 1.820715756862088114e-02
1.847368399999999866e+01 3.479510128642426467e-03 0.000000000000000000e+00 1.693597106392427665e-02
1.905263199999999912e+01 2.876513106928143236e-03 0.000000000000000000e+00 1.617752633490638844e-02
1.963157899999999856e+01 3.740682580979740393e-03 0.000000000000000000e+00 1.652980962196885437e-02
2.021052600000000155e+01 5.564350282874664690e-03 0.000000000000000000e+00 1.782619459355543057e-02
2.078947400000000201e+01 9.018479748434254928e-03 0.000000000000000000e+00 2.090203554659672211e-02
2.136842099999999789e+01 1.361007008227483814e-02 1.960116051968092184e-03 2.526002372657270428e-02
2.194736799999999732e+01 1.870714754084353004e-02 7.211792770315145727e-03 3.020250269738079807e-02
2.252631600000000134e+01 2.318543635428678071e-02 1.183368653852584149e-02 3.453718559103439306e-02
2.310526299999999722e+01 2.621950477702073012e-02 1.502877740885437408e-02 3.741023233819152499e-02
2.368421099999999768e+01 2.771093501916594218e-02 1.670329108528160328e-02 3.871858049708581245e-02
2.426315799999999712e+01 2.776230701138481666e-02 1.694485988348185326e-02 3.857975240224779945e-02
2.484210500000000010e+01 2.643757470544367758e-02 1.580735751924591814e-02 3.706779227765031465e-02
2.542105299999999701e+01 2.396127560860325870e-02 1.350384931582623849e-02 3.441870209438472467e-02
2.600000000000000000e+01 2.080767181501295970e-02 1.050316101126583940e-02 3.111218281176452230e-02
2.657894699999999943e+01 1.784008589523465929e-02 7.669790573175913964e-03 2.801038141029784864e-02
2.715789499999999990e+01 1.661794008210692314e-02 6.572717042324956530e-03 2.666316215686667657e-02
2.773684199999999933e+01 1.846688847078393689e-02 8.612921252354369117e-03 2.832085607522238230e-02
2.831578899999999877e+01 2.380938690320263604e-02 1.432904559599135381e-02 3.328972647337393592e-02
2.889473699999999923e+01 3.200521822310524456e-02 2.295815625391100373e-02 4.105228212234389440e-02
2.947368400000000221e+01 4.191452560507283320e-02 3.305163426418011169e-02 5.077741501592115264e-02
3.005263199999999912e+01 5.236443649789866706e-02 4.355745082355783060e-02 6.117142410228390559e-02
3.063157900000000211e+01 6.236220746567051193e-02 5.384640373227256305e-02 7.087800926902405874e-02
3.121052600000000155e+01 7.112746943982771464e-02 6.314157677122374246e-02 7.911336210843170069e-02
3.178947400000000201e+01 7.799604202564874855e-02 7.049757821419963544e-02 8.549450583709784779e-02
3.236842099999999789e+01 8.240099204635319141e-02 7.519197892600586186e-02 8.961000516670050708e-02
3.294736799999999732e+01 8.399036239238488744e-02 7.687779166145727872e-02 9.110293119326806632e-02
3.352631600000000134e+01 8.273678889401475667e-02 7.550059109806903090e-02 8.997298475991606648e-02
3.410526300000000077e+01 7.892534490160925398e-02 7.138943436840221313e-02 8.646125736486068303e-02
3.468421099999999768e+01 7.304671525725291159e-02 6.526756894648359786e-02 8.082586156802222532e-02
3.526315799999999712e+01 6.568417096370700314e-02 5.799189016196556329e-02 7.337645176544844994e-02
3.584210500000000366e+01 5.744531895377326391e-02 5.026902780645366858e-02 6.462160817104845023e-02
3.642105300000000057e+01 4.893094152319869133e-02 4.242101365083504605e-02 5.544086939556232968e-02
3.700000000000000000e+01 4.070938464127611678e-02 3.422206530920070960e-02 4.719670590339593991e-02
3.757894699999999943e+01 3.327746297115510149e-02 2.548696220908685736e-02 4.106796373322334909e-02
3.815789500000000345e+01 2.701211418726724364e-02 1.700476383004579511e-02 3.701946203543095282e-02
3.873684200000000288e+01 2.213043354560543033e-02 9.891981759254651549e-03 3.436888571796509889e-02
3.931578899999999521e+01 1.867425456588056240e-02 4.897689202065320414e-03 3.245081915767804304e-02
3.989473699999999923e+01 1.652511073583382353e-02 2.328207560823692714e-03 3.072201468286172438e-02
4.047368399999999866e+01 1.544442058001195030e-02 2.097262499106503433e-03 2.879157846791295314e-02
4.105263199999999557e+01 1.512704233921606349e-02 3.788942762586803605e-03 2.646514152983643620e-02
4.163157900000000211e+01 1.525529880877024569e-02 6.694864921302715564e-03 2.381573288924221724e-02
4.221052600000000155e+01 1.554339094160765884e-02 9.648682676235521144e-03 2.143809959298868112e-02
4.278947399999999845e+01 1.576680419799611488e-02 1.048600310941264283e-02 2.104760528657958693e-02
4.336842099999999789e+01 1.577568819244265161e-02 8.342583019085792612e-03 2.320879375180839518e-02
4.394736800000000443e+01 1.549443961109525127e-02 5.115513049825235435e-03 2.587336675137858963e-02
4.452631600000000134e+01 1.491140581079272373e-02 1.901535015748163394e-03 2.792127704974749561e-02
4.510526300000000788e+01 1.406299148231282201e-02 0.000000000000000000e+00 2.899386256305798784e-02
4.568421100000000479e+01 1.301599565589541159e-02 0.000000000000000000e+00 2.901291982162090485e-02
4.626315800000000422e+01 1.185102721558522684e-02 0.000000000000000000e+00 2.803847127672732739e-02
4.684210499999999655e+01 1.064879946082991115e-02 0.000000000000000000e+00 2.620835684047430336e-02
4.742105300000000057e+01 9.480156022947350616e-03 0.000000000000000000e+00 2.370080260436227895e-02
4.800000000000000000e+01 8.399923866665376729e-03 0.000000000000000000e+00 2.070861228536523269e-02
4.857894699999999943e+01 7.444221071165979357e-03 0.000000000000000000e+00 1.742317005278921568e-02
4.915789499999999634e+01 6.630535961906366092e-03 0.000000000000000000e+00 1.403113764326339302e-02
4.973684200000000288e+01 5.959815225672550343e-03 1.175037462727659011e-03 1.074459277631255663e-02
5.031578900000000232e+01 5.419805782485543136e-03 2.804050554354171713e-03 8.035560817612473136e-03
5.089473699999999923e+01 4.988991304192090699e-03 2.401422251706553015e-03 7.576560163673187395e-03
5.147368400000000577e+01 4.640595319587754661e-03 1.418900620527790242e-04 9.139300721876061906e-03
5.205263200000000268e+01 4.346263353153632589e-03 0.000000000000000000e+00 1.095363878206881067e-02
5.263157900000000211e+01 4.079167015490497636e-03 0.000000000000000000e+00 1.258172388903969902e-02
5.321052600000000155e+01 3.816391468261309643e-03 0.000000000000000000e+00 1.388350121171994661e-02
5.378947400000000556e+01 3.540557047509483059e-03 0.000000000000000000e+00 1.478678264985153028e-02
5.436842099999999789e+01 3.240693380774856743e-03 0.000000000000000000e+00 1.525205845720033898e-02
5.494736799999999732e+01 2.912435093597475801e-03 0.000000000000000000e+00 1.526402589060576673e-02
5.552631599999999423e+01 2.557637537674375700e-03 0.000000000000000000e+00 1.482857177854085551e-02
5.610526300000000077e+01 2.183523518223299924e-03 0.000000000000000000e+00 1.397121922136633151e-02
5.668421099999999768e+01 1.801478888365825584e-03 0.000000000000000000e+00 1.273604541542660944e-02
5.726315800000000422e+01 1.425610979652659456e-03 0.000000000000000000e+00 1.118477993629865899e-02
5.784210500000000366e+01 1.071173048905580023e-03 0.000000000000000000e+00 9.395980416821967524e-03
5.842105300000000057e+01 7.529457236697916075e-04 0.000000000000000000e+00 7.464248949065667785e-03
5.900000000000000000e+01 4.836560642319470238e-04 0.000000000000000000e+00 5.499467593735383845e-03
5.957894699999999943e+01 2.724947876971626744e-04 0.000000000000000000e+00 3.626044890833257130e-03
6.015789500000000345e+01 1.237840471107439823e-04 0.000000000000000000e+00 1.982161212291313080e-03
6.073684199999999578e+01 3.583193272692961046e-05 0.000000000000000000e+00 7.190058540147332717e-04
6.131578900000000232e+01 0.000000000000000000e+00 0.000000000000000000e+00 0.000000000000000000e+00
6.189473699999999923e+01 0.000000000000000000e+00 0.000000000000000000e+00 0.000000000000000000e+00
6.247368399999999866e+01 1.273423098067119158e-05 0.000000000000000000e+00 5.674172705207837714e-05
6.305263199999999557e+01 7.259211259552421174e-05 0.000000000000000000e+00 1.991263494761291513e-04
6.363157900000000211e+01 2.056232842894847412e-04 0.000000000000000000e+00 5.055106712699826638e-04
6.421052600000000155e+01 4.297669273862612547e-04 0.000000000000000000e+00 1.042760479049756892e-03
6.478947399999999845e+01 7.552935648004407716e-04 0.000000000000000000e+00 1.845859178885316757e-03
6.536842099999999789e+01 1.185444783330358385e-03 0.000000000000000000e+00 2.926313656983562436e-03
6.594736799999999732e+01 1.717255320636707936e-03 0.000000000000000000e+00 4.277495677609521527e-03
6.652631600000000844e+01 2.342540842674172789e-03 0.000000000000000000e+00 5.878136711012501431e-03
6.710526299999999367e+01 3.049033408121762118e-03 0.000000000000000000e+00 7.695707981610820821e-03
6.768421100000000479e+01 3.821649874272517542e-03 0.000000000000000000e+00 9.690005699198398631e-03
6.826315800000000422e+01 4.643873114019332789e-03 0.000000000000000000e+00 1.181696656375061903e-02
6.884210500000000366e+01 5.499233865356614563e-03 0.000000000000000000e+00 1.403268669691161950e-02
6.942105300000000057e+01 6.372876190406049843e-03 0.000000000000000000e+00 1.629761099640351582e-02
7.000000000000000000e+01 7.253190485996920296e-03 0.000000000000000000e+00 1.858085855856694835e-02
