1.500000000000000000e+01 1.651415927776066911e-02 0.000000000000000000e+00 4.436854693925103982e-02
1.568421099999999946e+01 1.128565106746654174e-02 0.000000000000000000e+00 2.913588324880482527e-02
1.636842099999999789e+01 6.152776910952238547e-03 0.000000000000000000e+00 1.798493447627584965e-02
1.705263200000000268e+01 2.344942629547289766e-03 0.000000000000000000e+00 1.366517334764239325e-02
1.773684199999999933e+01 6.543651340568902228e-04 0.000000000000000000e+00 1.337436057972123636e-02
1.842105300000000057e+01 1.742957700821240940e-03 0.000000000000000000e+00 1.510108000004673455e-02
1.910526300000000077e+01 4.253485185693385573e-03 0.000000000000000000e+00 1.735310172316574528e-02
1.978947399999999845e+01 6.911329605069891670e-03 0.000000000000000000e+00 1.940176128997525215e-02
2.047368399999999866e+01 9.093983798324314569e-03 0.000000000000000000e+00 2.107221209142795537e-02
2.115789499999999990e+01 1.028408439542848399e-02 0.000000000000000000e+00 2.198565637819117555e-02
2.184210499999999655e+01 1.033754434038745666e-02 0.000000000000000000e+00 2.188040926451927798e-02
2.252631600000000134e+01 1.066946382841039639e-02 0.000000000000000000e+00 2.203517387438104838e-02
2.321052599999999799e+01 1.177877307669968586e-02 6.162931673996439137e-04 2.294125393161620258e-02
2.389473699999999923e+01 1.341221167738752655e-02 2.468263754767411819e-03 2.435616056492241610e-02
2.457894700000000299e+01 1.698467931639378523e-02 6.264337654950134088e-03 2.770502078485448383e-02
2.526315799999999712e+01 2.326057703625980175e-02 1.275643630109533043e-02 3.376471835037313241e-02
2.594736800000000088e+01 3.395535270191155780e-02 2.365320085635528799e-02 4.425750261763828491e-02
2.663157899999999856e+01 4.969753577723400040e-02 3.958768179628041617e-02 5.980738782835805234e-02
2.731578900000000232e+01 6.756014607823056239e-02 5.765009313913464772e-02 7.747019708749693090e-02
2.800000000000000000e+01 8.343170878563381521e-02 7.380712009188647449e-02 9.305629940921070209e-02
2.868421099999999768e+01 9.422755155417188166e-02 8.498619998963309607e-02 1.034689050485402134e-01
2.936842099999999789e+01 9.813244198074534685e-02 8.906591174448688641e-02 1.071989722170038073e-01
3.005263199999999912e+01 9.471471965330546805e-02 8.582068723056007764e-02 1.036087520760508585e-01
3.073684200000000288e+01 8.516816361704428184e-02 7.684213020375292580e-02 9.349419896016517018e-02
3.142105300000000057e+01 7.199440611633792231e-02 6.427459584621715571e-02 7.971421445662915661e-02
3.210526300000000077e+01 5.840871878080895058e-02 5.098837173952640300e-02 6.582906582209148427e-02
3.278947399999999845e+01 4.718277683232071501e-02 3.998280281580181977e-02 5.438274891901007102e-02
3.347368399999999866e+01 3.962748839022049024e-02 3.260254605340186934e-02 4.665243265686865731e-02
3.415789499999999634e+01 3.558397637789485757e-02 2.853695872095791605e-02 4.263099403483180949e-02
3.484210500000000366e+01 3.407808600105351887e-02 2.700610985866415750e-02 4.115006021361334448e-02
3.552631599999999423e+01 3.391401961280462313e-02 2.711739347913998122e-02 4.071064574646927198e-02
3.621052600000000155e+01 3.399149261972393005e-02 2.766172891876354095e-02 4.032125632068432608e-02
3.689473699999999923e+01 3.347764655701700870e-02 2.706931177612853165e-02 3.988598326773501457e-02
3.757894699999999943e+01 3.192268447460974018e-02 2.429546163637258047e-02 3.954990924267643565e-02
3.826315800000000422e+01 2.929497646632683167e-02 1.991869315011807542e-02 3.867125978253559138e-02
3.894736799999999732e+01 2.590573070359241531e-02 1.532851986760619227e-02 3.648294308344226383e-02
3.963157900000000211e+01 2.225089986961021477e-02 1.174163292823626227e-02 3.276016681098416899e-02
4.031578900000000232e+01 1.883600686526023041e-02 9.821430534987020747e-03 2.785058396746525541e-02
4.100000000000000000e+01 1.604284762304988149e-02 9.411207441410369620e-03 2.267448780468939162e-02
4.168421099999999768e+01 1.406499581789133306e-02 8.947316946199100271e-03 1.918267468958356758e-02
4.236842099999999789e+01 1.290775655119251117e-02 6.334959188050396685e-03 1.948055430030053506e-02
4.305263199999999557e+01 1.243092809277315802e-02 3.056671290565297905e-03 2.180518450901511307e-02
4.373684199999999578e+01 1.240951779191463121e-02 7.291473410507352641e-04 2.408988847435807393e-02
4.442105300000000057e+01 1.259299961622563011e-02 0.000000000000000000e+00 2.538658339913664116e-02
4.510526300000000788e+01 1.275191857014009236e-02 2.327577251406482328e-04 2.527107924145487877e-02
4.578947399999999845e+01 1.270786924595434728e-02 1.757532275269775525e-03 2.365820683418437542e-02
4.647368400000000577e+01 1.234769686046972327e-02 3.966035338730196369e-03 2.072935857519220271e-02
4.715789499999999634e+01 1.162518546987490603e-02 6.338429986479700469e-03 1.691194114625306499e-02
4.784210500000000366e+01 1.055413547819980882e-02 7.872321996976499453e-03 1.323594895942311819e-02
4.852631599999999423e+01 9.196353536150735780e-03 5.847590386644573729e-03 1.254511668565689436e-02
4.921052600000000155e+01 7.647283802280688443e-03 1.931252404217463376e-03 1.336331500736095967e-02
4.989473699999999212e+01 6.021116413337038176e-03 0.000000000000000000e+00 1.364851872572149863e-02
5.057894699999999943e+01 4.436506745658879911e-03 0.000000000000000000e+00 1.307143813143095239e-02
5.126315800000000422e+01 3.003472258560254023e-03 0.000000000000000000e+00 1.162500657467646463e-02
5.194736800000000443e+01 1.811696472923108453e-03 0.000000000000000000e+00 9.446282479282079592e-03
5.263157900000000211e+01 9.202501587102124595e-04 0.000000000000000000e+00 6.786797704795811785e-03
5.331578900000000232e+01 3.486501259294507230e-04 0.000000000000000000e+00 4.003436207164596215e-03
5.400000000000000000e+01 6.912948346088797680e-05 0.000000000000000000e+00 1.554756111700366641e-03
5.468421099999999768e+01 0.000000000000000000e+00 0.000000000000000000e+00 0.000000000000000000e+00
5.536842100000000499e+01 0.000000000000000000e+00 0.000000000000000000e+00 0.000000000000000000e+00
5.605263199999999557e+01 0.000000000000000000e+00 0.000000000000000000e+00 0.000000000000000000e+00
5.673684200000000288e+01 0.000000000000000000e+00 0.000000000000000000e+00 0.000000000000000000e+00
5.742105300000000057e+01 0.000000000000000000e+00 0.000000000000000000e+00 0.000000000000000000e+00
5.810526300000000077e+01 0.000000000000000000e+00 0.000000000000000000e+00 0.000000000000000000e+00
5.878947400000000556e+01 0.000000000000000000e+00 0.000000000000000000e+00 0.000000000000000000e+00
5.947368400000000577e+01 0.000000000000000000e+00 0.000000000000000000e+00 0.000000000000000000e+00
6.015789500000000345e+01 0.000000000000000000e+00 0.000000000000000000e+00 0.000000000000000000e+00
6.084210500000000366e+01 0.000000000000000000e+00 0.000000000000000000e+00 0.000000000000000000e+00
6.152631600000000134e+01 0.000000000000000000e+00 0.000000000000000000e+00 0.000000000000000000e+00
6.221052600000000155e+01 0.000000000000000000e+00 0.000000000000000000e+00 0.000000000000000000e+00
6.289473700000000633e+01 0.000000000000000000e+00 0.000000000000000000e+00 0.000000000000000000e+00
6.357894699999999943e+01 0.000000000000000000e+00 0.000000000000000000e+00 0.000000000000000000e+00
6.426315800000000422e+01 0.000000000000000000e+00 0.000000000000000000e+00 0.000000000000000000e+00
6.494736799999999732e+01 0.000000000000000000e+00 0.000000000000000000e+00 0.000000000000000000e+00
6.563157900000000211e+01 0.000000000000000000e+00 0.000000000000000000e+00 0.000000000000000000e+00
6.631578899999999521e+01 0.000000000000000000e+00 0.000000000000000000e+00 0.000000000000000000e+00
6.700000000000000000e+01 0.000000000000000000e+00 0.000000000000000000e+00 0.000000000000000000e+00
6.768421100000000479e+01 0.000000000000000000e+00 0.000000000000000000e+00 0.000000000000000000e+00
6.836842099999999789e+01 0.000000000000000000e+00 0.000000000000000000e+00 0.000000000000000000e+00
6.905263200000000268e+01 0.000000000000000000e+00 0.000000000000000000e+00 0.000000000000000000e+00
6.973684199999999578e+01 0.000000000000000000e+00 0.000000000000000000e+00 0.000000000000000000e+00
7.042105300000000057e+01 0.000000000000000000e+00 0.000000000000000000e+00 0.000000000000000000e+00
7.110526300000000788e+01 0.000000000000000000e+00 0.000000000000000000e+00 0.000000000000000000e+00
7.178947399999999845e+01 0.000000000000000000e+00 0.000000000000000000e+00 0.000000000000000000e+00
7.247368400000000577e+01 0.000000000000000000e+00 0.000000000000000000e+00 0.000000000000000000e+00
7.315789499999999634e+01 9.514757655966956049e-06 0.000000000000000000e+00 2.575026942526637691e-04
7.384210500000000366e+01 7.899573698872366836e-05 0.000000000000000000e+00 6.192305995404339194e-04
7.452631600000000844e+01 2.394256721703554329e-04 0.000000000000000000e+00 9.801014868273871458e-04
7.521052600000000155e+01 5.055633115105809998e-04 0.000000000000000000e+00 1.281429934513481517e-03
7.589473700000000633e+01 8.791047841227243431e-04 2.302699239845917335e-04 1.527939644260856763e-03
7.657894699999999943e+01 1.351757207205347587e-03 7.909654163479242633e-04 1.912548978764475527e-03
7.726315800000000422e+01 1.908221085141173718e-03 9.726687676489178397e-04 2.843773460528315963e-03
7.794736799999999732e+01 2.529079438004467814e-03 8.582238162089697413e-04 4.199934924711897985e-03
7.863157900000000211e+01 3.193591538594212596e-03 6.180663912732970887e-04 5.769116763108309530e-03
7.931578899999999521e+01 3.882391894836824224e-03 3.178575920902401751e-04 7.446926390566362651e-03
8.000000000000000000e+01 4.580093203870915300e-03 0.000000000000000000e+00 9.166848179317007433e-03
